Time 0
Waiting clients: (6,3,6); (35,5,3); (28,7,2); (9,10,5); (14,11,5); (38,12,5); (29,14,6); (44,14,5); (5,15,4); (39,16,5); (15,17,2); (25,17,6); (46,17,4); (11,18,2); (20,19,6); (8,20,5); (18,20,2); (19,21,2); (36,21,4); (10,22,5); (7,23,2); (27,23,4); (3,24,6); (23,24,3); (26,24,6); (4,25,3); (32,26,4); (49,27,2); (1,28,5); (13,28,4); (34,28,4); (40,28,4); (47,28,3); (17,29,3); (22,29,5); (30,29,4); (48,29,5); (24,30,4); (42,30,6); (0,33,4); (31,35,5); (41,35,3); (43,35,4); (2,36,3); (45,36,6); (12,37,2); (16,37,5); (21,38,2); (33,38,4); (37,39,5); 
Queue 1: closed 
Queue 2: closed 
Queue 3: closed 
Queue 4: closed 
Queue 5: closed 
--------------------------------------
Time 1
Waiting clients: (6,3,6); (35,5,3); (28,7,2); (9,10,5); (14,11,5); (38,12,5); (29,14,6); (44,14,5); (5,15,4); (39,16,5); (15,17,2); (25,17,6); (46,17,4); (11,18,2); (20,19,6); (8,20,5); (18,20,2); (19,21,2); (36,21,4); (10,22,5); (7,23,2); (27,23,4); (3,24,6); (23,24,3); (26,24,6); (4,25,3); (32,26,4); (49,27,2); (1,28,5); (13,28,4); (34,28,4); (40,28,4); (47,28,3); (17,29,3); (22,29,5); (30,29,4); (48,29,5); (24,30,4); (42,30,6); (0,33,4); (31,35,5); (41,35,3); (43,35,4); (2,36,3); (45,36,6); (12,37,2); (16,37,5); (21,38,2); (33,38,4); (37,39,5); 
Queue 1: closed 
Queue 2: closed 
Queue 3: closed 
Queue 4: closed 
Queue 5: closed 
--------------------------------------
Time 2
Waiting clients: (6,3,6); (35,5,3); (28,7,2); (9,10,5); (14,11,5); (38,12,5); (29,14,6); (44,14,5); (5,15,4); (39,16,5); (15,17,2); (25,17,6); (46,17,4); (11,18,2); (20,19,6); (8,20,5); (18,20,2); (19,21,2); (36,21,4); (10,22,5); (7,23,2); (27,23,4); (3,24,6); (23,24,3); (26,24,6); (4,25,3); (32,26,4); (49,27,2); (1,28,5); (13,28,4); (34,28,4); (40,28,4); (47,28,3); (17,29,3); (22,29,5); (30,29,4); (48,29,5); (24,30,4); (42,30,6); (0,33,4); (31,35,5); (41,35,3); (43,35,4); (2,36,3); (45,36,6); (12,37,2); (16,37,5); (21,38,2); (33,38,4); (37,39,5); 
Queue 1: closed 
Queue 2: closed 
Queue 3: closed 
Queue 4: closed 
Queue 5: closed 
--------------------------------------
Time 3
Waiting clients: (35,5,3); (28,7,2); (9,10,5); (14,11,5); (38,12,5); (29,14,6); (44,14,5); (5,15,4); (39,16,5); (15,17,2); (25,17,6); (46,17,4); (11,18,2); (20,19,6); (8,20,5); (18,20,2); (19,21,2); (36,21,4); (10,22,5); (7,23,2); (27,23,4); (3,24,6); (23,24,3); (26,24,6); (4,25,3); (32,26,4); (49,27,2); (1,28,5); (13,28,4); (34,28,4); (40,28,4); (47,28,3); (17,29,3); (22,29,5); (30,29,4); (48,29,5); (24,30,4); (42,30,6); (0,33,4); (31,35,5); (41,35,3); (43,35,4); (2,36,3); (45,36,6); (12,37,2); (16,37,5); (21,38,2); (33,38,4); (37,39,5); 
Queue 1: (6,3,6); 
Queue 2: closed 
Queue 3: closed 
Queue 4: closed 
Queue 5: closed 
--------------------------------------
Time 4
Waiting clients: (35,5,3); (28,7,2); (9,10,5); (14,11,5); (38,12,5); (29,14,6); (44,14,5); (5,15,4); (39,16,5); (15,17,2); (25,17,6); (46,17,4); (11,18,2); (20,19,6); (8,20,5); (18,20,2); (19,21,2); (36,21,4); (10,22,5); (7,23,2); (27,23,4); (3,24,6); (23,24,3); (26,24,6); (4,25,3); (32,26,4); (49,27,2); (1,28,5); (13,28,4); (34,28,4); (40,28,4); (47,28,3); (17,29,3); (22,29,5); (30,29,4); (48,29,5); (24,30,4); (42,30,6); (0,33,4); (31,35,5); (41,35,3); (43,35,4); (2,36,3); (45,36,6); (12,37,2); (16,37,5); (21,38,2); (33,38,4); (37,39,5); 
Queue 1: (6,3,5); 
Queue 2: closed 
Queue 3: closed 
Queue 4: closed 
Queue 5: closed 
--------------------------------------
Time 5
Waiting clients: (28,7,2); (9,10,5); (14,11,5); (38,12,5); (29,14,6); (44,14,5); (5,15,4); (39,16,5); (15,17,2); (25,17,6); (46,17,4); (11,18,2); (20,19,6); (8,20,5); (18,20,2); (19,21,2); (36,21,4); (10,22,5); (7,23,2); (27,23,4); (3,24,6); (23,24,3); (26,24,6); (4,25,3); (32,26,4); (49,27,2); (1,28,5); (13,28,4); (34,28,4); (40,28,4); (47,28,3); (17,29,3); (22,29,5); (30,29,4); (48,29,5); (24,30,4); (42,30,6); (0,33,4); (31,35,5); (41,35,3); (43,35,4); (2,36,3); (45,36,6); (12,37,2); (16,37,5); (21,38,2); (33,38,4); (37,39,5); 
Queue 1: (6,3,4); 
Queue 2: (35,5,3); 
Queue 3: closed 
Queue 4: closed 
Queue 5: closed 
--------------------------------------
Time 6
Waiting clients: (28,7,2); (9,10,5); (14,11,5); (38,12,5); (29,14,6); (44,14,5); (5,15,4); (39,16,5); (15,17,2); (25,17,6); (46,17,4); (11,18,2); (20,19,6); (8,20,5); (18,20,2); (19,21,2); (36,21,4); (10,22,5); (7,23,2); (27,23,4); (3,24,6); (23,24,3); (26,24,6); (4,25,3); (32,26,4); (49,27,2); (1,28,5); (13,28,4); (34,28,4); (40,28,4); (47,28,3); (17,29,3); (22,29,5); (30,29,4); (48,29,5); (24,30,4); (42,30,6); (0,33,4); (31,35,5); (41,35,3); (43,35,4); (2,36,3); (45,36,6); (12,37,2); (16,37,5); (21,38,2); (33,38,4); (37,39,5); 
Queue 1: (6,3,3); 
Queue 2: (35,5,2); 
Queue 3: closed 
Queue 4: closed 
Queue 5: closed 
--------------------------------------
Time 7
Waiting clients: (9,10,5); (14,11,5); (38,12,5); (29,14,6); (44,14,5); (5,15,4); (39,16,5); (15,17,2); (25,17,6); (46,17,4); (11,18,2); (20,19,6); (8,20,5); (18,20,2); (19,21,2); (36,21,4); (10,22,5); (7,23,2); (27,23,4); (3,24,6); (23,24,3); (26,24,6); (4,25,3); (32,26,4); (49,27,2); (1,28,5); (13,28,4); (34,28,4); (40,28,4); (47,28,3); (17,29,3); (22,29,5); (30,29,4); (48,29,5); (24,30,4); (42,30,6); (0,33,4); (31,35,5); (41,35,3); (43,35,4); (2,36,3); (45,36,6); (12,37,2); (16,37,5); (21,38,2); (33,38,4); (37,39,5); 
Queue 1: (6,3,2); 
Queue 2: (35,5,1); 
Queue 3: (28,7,2); 
Queue 4: closed 
Queue 5: closed 
--------------------------------------
Time 8
Waiting clients: (9,10,5); (14,11,5); (38,12,5); (29,14,6); (44,14,5); (5,15,4); (39,16,5); (15,17,2); (25,17,6); (46,17,4); (11,18,2); (20,19,6); (8,20,5); (18,20,2); (19,21,2); (36,21,4); (10,22,5); (7,23,2); (27,23,4); (3,24,6); (23,24,3); (26,24,6); (4,25,3); (32,26,4); (49,27,2); (1,28,5); (13,28,4); (34,28,4); (40,28,4); (47,28,3); (17,29,3); (22,29,5); (30,29,4); (48,29,5); (24,30,4); (42,30,6); (0,33,4); (31,35,5); (41,35,3); (43,35,4); (2,36,3); (45,36,6); (12,37,2); (16,37,5); (21,38,2); (33,38,4); (37,39,5); 
Queue 1: (6,3,1); 
Queue 2: closed 
Queue 3: (28,7,1); 
Queue 4: closed 
Queue 5: closed 
--------------------------------------
Time 9
Waiting clients: (9,10,5); (14,11,5); (38,12,5); (29,14,6); (44,14,5); (5,15,4); (39,16,5); (15,17,2); (25,17,6); (46,17,4); (11,18,2); (20,19,6); (8,20,5); (18,20,2); (19,21,2); (36,21,4); (10,22,5); (7,23,2); (27,23,4); (3,24,6); (23,24,3); (26,24,6); (4,25,3); (32,26,4); (49,27,2); (1,28,5); (13,28,4); (34,28,4); (40,28,4); (47,28,3); (17,29,3); (22,29,5); (30,29,4); (48,29,5); (24,30,4); (42,30,6); (0,33,4); (31,35,5); (41,35,3); (43,35,4); (2,36,3); (45,36,6); (12,37,2); (16,37,5); (21,38,2); (33,38,4); (37,39,5); 
Queue 1: closed 
Queue 2: closed 
Queue 3: closed 
Queue 4: closed 
Queue 5: closed 
--------------------------------------
Time 10
Waiting clients: (14,11,5); (38,12,5); (29,14,6); (44,14,5); (5,15,4); (39,16,5); (15,17,2); (25,17,6); (46,17,4); (11,18,2); (20,19,6); (8,20,5); (18,20,2); (19,21,2); (36,21,4); (10,22,5); (7,23,2); (27,23,4); (3,24,6); (23,24,3); (26,24,6); (4,25,3); (32,26,4); (49,27,2); (1,28,5); (13,28,4); (34,28,4); (40,28,4); (47,28,3); (17,29,3); (22,29,5); (30,29,4); (48,29,5); (24,30,4); (42,30,6); (0,33,4); (31,35,5); (41,35,3); (43,35,4); (2,36,3); (45,36,6); (12,37,2); (16,37,5); (21,38,2); (33,38,4); (37,39,5); 
Queue 1: (9,10,5); 
Queue 2: closed 
Queue 3: closed 
Queue 4: closed 
Queue 5: closed 
--------------------------------------
Time 11
Waiting clients: (38,12,5); (29,14,6); (44,14,5); (5,15,4); (39,16,5); (15,17,2); (25,17,6); (46,17,4); (11,18,2); (20,19,6); (8,20,5); (18,20,2); (19,21,2); (36,21,4); (10,22,5); (7,23,2); (27,23,4); (3,24,6); (23,24,3); (26,24,6); (4,25,3); (32,26,4); (49,27,2); (1,28,5); (13,28,4); (34,28,4); (40,28,4); (47,28,3); (17,29,3); (22,29,5); (30,29,4); (48,29,5); (24,30,4); (42,30,6); (0,33,4); (31,35,5); (41,35,3); (43,35,4); (2,36,3); (45,36,6); (12,37,2); (16,37,5); (21,38,2); (33,38,4); (37,39,5); 
Queue 1: (9,10,4); 
Queue 2: (14,11,5); 
Queue 3: closed 
Queue 4: closed 
Queue 5: closed 
--------------------------------------
Time 12
Waiting clients: (29,14,6); (44,14,5); (5,15,4); (39,16,5); (15,17,2); (25,17,6); (46,17,4); (11,18,2); (20,19,6); (8,20,5); (18,20,2); (19,21,2); (36,21,4); (10,22,5); (7,23,2); (27,23,4); (3,24,6); (23,24,3); (26,24,6); (4,25,3); (32,26,4); (49,27,2); (1,28,5); (13,28,4); (34,28,4); (40,28,4); (47,28,3); (17,29,3); (22,29,5); (30,29,4); (48,29,5); (24,30,4); (42,30,6); (0,33,4); (31,35,5); (41,35,3); (43,35,4); (2,36,3); (45,36,6); (12,37,2); (16,37,5); (21,38,2); (33,38,4); (37,39,5); 
Queue 1: (9,10,3); 
Queue 2: (14,11,4); 
Queue 3: (38,12,5); 
Queue 4: closed 
Queue 5: closed 
--------------------------------------
Time 13
Waiting clients: (29,14,6); (44,14,5); (5,15,4); (39,16,5); (15,17,2); (25,17,6); (46,17,4); (11,18,2); (20,19,6); (8,20,5); (18,20,2); (19,21,2); (36,21,4); (10,22,5); (7,23,2); (27,23,4); (3,24,6); (23,24,3); (26,24,6); (4,25,3); (32,26,4); (49,27,2); (1,28,5); (13,28,4); (34,28,4); (40,28,4); (47,28,3); (17,29,3); (22,29,5); (30,29,4); (48,29,5); (24,30,4); (42,30,6); (0,33,4); (31,35,5); (41,35,3); (43,35,4); (2,36,3); (45,36,6); (12,37,2); (16,37,5); (21,38,2); (33,38,4); (37,39,5); 
Queue 1: (9,10,2); 
Queue 2: (14,11,3); 
Queue 3: (38,12,4); 
Queue 4: closed 
Queue 5: closed 
--------------------------------------
Time 14
Waiting clients: (5,15,4); (39,16,5); (15,17,2); (25,17,6); (46,17,4); (11,18,2); (20,19,6); (8,20,5); (18,20,2); (19,21,2); (36,21,4); (10,22,5); (7,23,2); (27,23,4); (3,24,6); (23,24,3); (26,24,6); (4,25,3); (32,26,4); (49,27,2); (1,28,5); (13,28,4); (34,28,4); (40,28,4); (47,28,3); (17,29,3); (22,29,5); (30,29,4); (48,29,5); (24,30,4); (42,30,6); (0,33,4); (31,35,5); (41,35,3); (43,35,4); (2,36,3); (45,36,6); (12,37,2); (16,37,5); (21,38,2); (33,38,4); (37,39,5); 
Queue 1: (9,10,1); 
Queue 2: (14,11,2); 
Queue 3: (38,12,3); 
Queue 4: (29,14,6); 
Queue 5: (44,14,5); 
--------------------------------------
Time 15
Waiting clients: (39,16,5); (15,17,2); (25,17,6); (46,17,4); (11,18,2); (20,19,6); (8,20,5); (18,20,2); (19,21,2); (36,21,4); (10,22,5); (7,23,2); (27,23,4); (3,24,6); (23,24,3); (26,24,6); (4,25,3); (32,26,4); (49,27,2); (1,28,5); (13,28,4); (34,28,4); (40,28,4); (47,28,3); (17,29,3); (22,29,5); (30,29,4); (48,29,5); (24,30,4); (42,30,6); (0,33,4); (31,35,5); (41,35,3); (43,35,4); (2,36,3); (45,36,6); (12,37,2); (16,37,5); (21,38,2); (33,38,4); (37,39,5); 
Queue 1: (5,15,4); 
Queue 2: (14,11,1); 
Queue 3: (38,12,2); 
Queue 4: (29,14,5); 
Queue 5: (44,14,4); 
--------------------------------------
Time 16
Waiting clients: (15,17,2); (25,17,6); (46,17,4); (11,18,2); (20,19,6); (8,20,5); (18,20,2); (19,21,2); (36,21,4); (10,22,5); (7,23,2); (27,23,4); (3,24,6); (23,24,3); (26,24,6); (4,25,3); (32,26,4); (49,27,2); (1,28,5); (13,28,4); (34,28,4); (40,28,4); (47,28,3); (17,29,3); (22,29,5); (30,29,4); (48,29,5); (24,30,4); (42,30,6); (0,33,4); (31,35,5); (41,35,3); (43,35,4); (2,36,3); (45,36,6); (12,37,2); (16,37,5); (21,38,2); (33,38,4); (37,39,5); 
Queue 1: (5,15,3); 
Queue 2: (39,16,5); 
Queue 3: (38,12,1); 
Queue 4: (29,14,4); 
Queue 5: (44,14,3); 
--------------------------------------
Time 17
Waiting clients: (11,18,2); (20,19,6); (8,20,5); (18,20,2); (19,21,2); (36,21,4); (10,22,5); (7,23,2); (27,23,4); (3,24,6); (23,24,3); (26,24,6); (4,25,3); (32,26,4); (49,27,2); (1,28,5); (13,28,4); (34,28,4); (40,28,4); (47,28,3); (17,29,3); (22,29,5); (30,29,4); (48,29,5); (24,30,4); (42,30,6); (0,33,4); (31,35,5); (41,35,3); (43,35,4); (2,36,3); (45,36,6); (12,37,2); (16,37,5); (21,38,2); (33,38,4); (37,39,5); 
Queue 1: (5,15,2); (25,17,6); 
Queue 2: (39,16,4); (46,17,4); 
Queue 3: (15,17,2); 
Queue 4: (29,14,3); 
Queue 5: (44,14,2); 
--------------------------------------
Time 18
Waiting clients: (20,19,6); (8,20,5); (18,20,2); (19,21,2); (36,21,4); (10,22,5); (7,23,2); (27,23,4); (3,24,6); (23,24,3); (26,24,6); (4,25,3); (32,26,4); (49,27,2); (1,28,5); (13,28,4); (34,28,4); (40,28,4); (47,28,3); (17,29,3); (22,29,5); (30,29,4); (48,29,5); (24,30,4); (42,30,6); (0,33,4); (31,35,5); (41,35,3); (43,35,4); (2,36,3); (45,36,6); (12,37,2); (16,37,5); (21,38,2); (33,38,4); (37,39,5); 
Queue 1: (5,15,1); (25,17,6); 
Queue 2: (39,16,3); (46,17,4); 
Queue 3: (15,17,1); (11,18,2); 
Queue 4: (29,14,2); 
Queue 5: (44,14,1); 
--------------------------------------
Time 19
Waiting clients: (8,20,5); (18,20,2); (19,21,2); (36,21,4); (10,22,5); (7,23,2); (27,23,4); (3,24,6); (23,24,3); (26,24,6); (4,25,3); (32,26,4); (49,27,2); (1,28,5); (13,28,4); (34,28,4); (40,28,4); (47,28,3); (17,29,3); (22,29,5); (30,29,4); (48,29,5); (24,30,4); (42,30,6); (0,33,4); (31,35,5); (41,35,3); (43,35,4); (2,36,3); (45,36,6); (12,37,2); (16,37,5); (21,38,2); (33,38,4); (37,39,5); 
Queue 1: (25,17,6); 
Queue 2: (39,16,2); (46,17,4); 
Queue 3: (11,18,2); 
Queue 4: (29,14,1); 
Queue 5: (20,19,6); 
--------------------------------------
Time 20
Waiting clients: (19,21,2); (36,21,4); (10,22,5); (7,23,2); (27,23,4); (3,24,6); (23,24,3); (26,24,6); (4,25,3); (32,26,4); (49,27,2); (1,28,5); (13,28,4); (34,28,4); (40,28,4); (47,28,3); (17,29,3); (22,29,5); (30,29,4); (48,29,5); (24,30,4); (42,30,6); (0,33,4); (31,35,5); (41,35,3); (43,35,4); (2,36,3); (45,36,6); (12,37,2); (16,37,5); (21,38,2); (33,38,4); (37,39,5); 
Queue 1: (25,17,5); (18,20,2); 
Queue 2: (39,16,1); (46,17,4); 
Queue 3: (11,18,1); 
Queue 4: (8,20,5); 
Queue 5: (20,19,5); 
--------------------------------------
Time 21
Waiting clients: (10,22,5); (7,23,2); (27,23,4); (3,24,6); (23,24,3); (26,24,6); (4,25,3); (32,26,4); (49,27,2); (1,28,5); (13,28,4); (34,28,4); (40,28,4); (47,28,3); (17,29,3); (22,29,5); (30,29,4); (48,29,5); (24,30,4); (42,30,6); (0,33,4); (31,35,5); (41,35,3); (43,35,4); (2,36,3); (45,36,6); (12,37,2); (16,37,5); (21,38,2); (33,38,4); (37,39,5); 
Queue 1: (25,17,4); (18,20,2); 
Queue 2: (46,17,4); (36,21,4); 
Queue 3: (19,21,2); 
Queue 4: (8,20,4); 
Queue 5: (20,19,4); 
--------------------------------------
Time 22
Waiting clients: (7,23,2); (27,23,4); (3,24,6); (23,24,3); (26,24,6); (4,25,3); (32,26,4); (49,27,2); (1,28,5); (13,28,4); (34,28,4); (40,28,4); (47,28,3); (17,29,3); (22,29,5); (30,29,4); (48,29,5); (24,30,4); (42,30,6); (0,33,4); (31,35,5); (41,35,3); (43,35,4); (2,36,3); (45,36,6); (12,37,2); (16,37,5); (21,38,2); (33,38,4); (37,39,5); 
Queue 1: (25,17,3); (18,20,2); 
Queue 2: (46,17,3); (36,21,4); 
Queue 3: (19,21,1); (10,22,5); 
Queue 4: (8,20,3); 
Queue 5: (20,19,3); 
--------------------------------------
Time 23
Waiting clients: (3,24,6); (23,24,3); (26,24,6); (4,25,3); (32,26,4); (49,27,2); (1,28,5); (13,28,4); (34,28,4); (40,28,4); (47,28,3); (17,29,3); (22,29,5); (30,29,4); (48,29,5); (24,30,4); (42,30,6); (0,33,4); (31,35,5); (41,35,3); (43,35,4); (2,36,3); (45,36,6); (12,37,2); (16,37,5); (21,38,2); (33,38,4); (37,39,5); 
Queue 1: (25,17,2); (18,20,2); 
Queue 2: (46,17,2); (36,21,4); 
Queue 3: (10,22,5); (7,23,2); 
Queue 4: (8,20,2); (27,23,4); 
Queue 5: (20,19,2); 
--------------------------------------
Time 24
Waiting clients: (4,25,3); (32,26,4); (49,27,2); (1,28,5); (13,28,4); (34,28,4); (40,28,4); (47,28,3); (17,29,3); (22,29,5); (30,29,4); (48,29,5); (24,30,4); (42,30,6); (0,33,4); (31,35,5); (41,35,3); (43,35,4); (2,36,3); (45,36,6); (12,37,2); (16,37,5); (21,38,2); (33,38,4); (37,39,5); 
Queue 1: (25,17,1); (18,20,2); (23,24,3); 
Queue 2: (46,17,1); (36,21,4); (26,24,6); 
Queue 3: (10,22,4); (7,23,2); 
Queue 4: (8,20,1); (27,23,4); 
Queue 5: (20,19,1); (3,24,6); 
--------------------------------------
Time 25
Waiting clients: (32,26,4); (49,27,2); (1,28,5); (13,28,4); (34,28,4); (40,28,4); (47,28,3); (17,29,3); (22,29,5); (30,29,4); (48,29,5); (24,30,4); (42,30,6); (0,33,4); (31,35,5); (41,35,3); (43,35,4); (2,36,3); (45,36,6); (12,37,2); (16,37,5); (21,38,2); (33,38,4); (37,39,5); 
Queue 1: (18,20,2); (23,24,3); 
Queue 2: (36,21,4); (26,24,6); 
Queue 3: (10,22,3); (7,23,2); 
Queue 4: (27,23,4); (4,25,3); 
Queue 5: (3,24,6); 
--------------------------------------
Time 26
Waiting clients: (49,27,2); (1,28,5); (13,28,4); (34,28,4); (40,28,4); (47,28,3); (17,29,3); (22,29,5); (30,29,4); (48,29,5); (24,30,4); (42,30,6); (0,33,4); (31,35,5); (41,35,3); (43,35,4); (2,36,3); (45,36,6); (12,37,2); (16,37,5); (21,38,2); (33,38,4); (37,39,5); 
Queue 1: (18,20,1); (23,24,3); 
Queue 2: (36,21,3); (26,24,6); 
Queue 3: (10,22,2); (7,23,2); 
Queue 4: (27,23,3); (4,25,3); 
Queue 5: (3,24,5); (32,26,4); 
--------------------------------------
Time 27
Waiting clients: (1,28,5); (13,28,4); (34,28,4); (40,28,4); (47,28,3); (17,29,3); (22,29,5); (30,29,4); (48,29,5); (24,30,4); (42,30,6); (0,33,4); (31,35,5); (41,35,3); (43,35,4); (2,36,3); (45,36,6); (12,37,2); (16,37,5); (21,38,2); (33,38,4); (37,39,5); 
Queue 1: (23,24,3); (49,27,2); 
Queue 2: (36,21,2); (26,24,6); 
Queue 3: (10,22,1); (7,23,2); 
Queue 4: (27,23,2); (4,25,3); 
Queue 5: (3,24,4); (32,26,4); 
--------------------------------------
Time 28
Waiting clients: (17,29,3); (22,29,5); (30,29,4); (48,29,5); (24,30,4); (42,30,6); (0,33,4); (31,35,5); (41,35,3); (43,35,4); (2,36,3); (45,36,6); (12,37,2); (16,37,5); (21,38,2); (33,38,4); (37,39,5); 
Queue 1: (23,24,2); (49,27,2); (13,28,4); 
Queue 2: (36,21,1); (26,24,6); (34,28,4); 
Queue 3: (7,23,2); (1,28,5); (40,28,4); 
Queue 4: (27,23,1); (4,25,3); (47,28,3); 
Queue 5: (3,24,3); (32,26,4); 
--------------------------------------
Time 29
Waiting clients: (24,30,4); (42,30,6); (0,33,4); (31,35,5); (41,35,3); (43,35,4); (2,36,3); (45,36,6); (12,37,2); (16,37,5); (21,38,2); (33,38,4); (37,39,5); 
Queue 1: (23,24,1); (49,27,2); (13,28,4); (48,29,5); 
Queue 2: (26,24,6); (34,28,4); (17,29,3); 
Queue 3: (7,23,1); (1,28,5); (40,28,4); 
Queue 4: (4,25,3); (47,28,3); (22,29,5); 
Queue 5: (3,24,2); (32,26,4); (30,29,4); 
--------------------------------------
Time 30
Waiting clients: (0,33,4); (31,35,5); (41,35,3); (43,35,4); (2,36,3); (45,36,6); (12,37,2); (16,37,5); (21,38,2); (33,38,4); (37,39,5); 
Queue 1: (49,27,2); (13,28,4); (48,29,5); (42,30,6); 
Queue 2: (26,24,5); (34,28,4); (17,29,3); 
Queue 3: (1,28,5); (40,28,4); (24,30,4); 
Queue 4: (4,25,2); (47,28,3); (22,29,5); 
Queue 5: (3,24,1); (32,26,4); (30,29,4); 
--------------------------------------
Time 31
Waiting clients: (0,33,4); (31,35,5); (41,35,3); (43,35,4); (2,36,3); (45,36,6); (12,37,2); (16,37,5); (21,38,2); (33,38,4); (37,39,5); 
Queue 1: (49,27,1); (13,28,4); (48,29,5); (42,30,6); 
Queue 2: (26,24,4); (34,28,4); (17,29,3); 
Queue 3: (1,28,4); (40,28,4); (24,30,4); 
Queue 4: (4,25,1); (47,28,3); (22,29,5); 
Queue 5: (32,26,4); (30,29,4); 
--------------------------------------
Time 32
Waiting clients: (0,33,4); (31,35,5); (41,35,3); (43,35,4); (2,36,3); (45,36,6); (12,37,2); (16,37,5); (21,38,2); (33,38,4); (37,39,5); 
Queue 1: (13,28,4); (48,29,5); (42,30,6); 
Queue 2: (26,24,3); (34,28,4); (17,29,3); 
Queue 3: (1,28,3); (40,28,4); (24,30,4); 
Queue 4: (47,28,3); (22,29,5); 
Queue 5: (32,26,3); (30,29,4); 
--------------------------------------
Time 33
Waiting clients: (31,35,5); (41,35,3); (43,35,4); (2,36,3); (45,36,6); (12,37,2); (16,37,5); (21,38,2); (33,38,4); (37,39,5); 
Queue 1: (13,28,3); (48,29,5); (42,30,6); 
Queue 2: (26,24,2); (34,28,4); (17,29,3); 
Queue 3: (1,28,2); (40,28,4); (24,30,4); 
Queue 4: (47,28,2); (22,29,5); (0,33,4); 
Queue 5: (32,26,2); (30,29,4); 
--------------------------------------
Time 34
Waiting clients: (31,35,5); (41,35,3); (43,35,4); (2,36,3); (45,36,6); (12,37,2); (16,37,5); (21,38,2); (33,38,4); (37,39,5); 
Queue 1: (13,28,2); (48,29,5); (42,30,6); 
Queue 2: (26,24,1); (34,28,4); (17,29,3); 
Queue 3: (1,28,1); (40,28,4); (24,30,4); 
Queue 4: (47,28,1); (22,29,5); (0,33,4); 
Queue 5: (32,26,1); (30,29,4); 
--------------------------------------
Time 35
Waiting clients: (2,36,3); (45,36,6); (12,37,2); (16,37,5); (21,38,2); (33,38,4); (37,39,5); 
Queue 1: (13,28,1); (48,29,5); (42,30,6); 
Queue 2: (34,28,4); (17,29,3); (41,35,3); 
Queue 3: (40,28,4); (24,30,4); (43,35,4); 
Queue 4: (22,29,5); (0,33,4); 
Queue 5: (30,29,4); (31,35,5); 
--------------------------------------
Time 36
Waiting clients: (12,37,2); (16,37,5); (21,38,2); (33,38,4); (37,39,5); 
Queue 1: (48,29,5); (42,30,6); (2,36,3); 
Queue 2: (34,28,3); (17,29,3); (41,35,3); 
Queue 3: (40,28,3); (24,30,4); (43,35,4); 
Queue 4: (22,29,4); (0,33,4); (45,36,6); 
Queue 5: (30,29,3); (31,35,5); 
--------------------------------------
Time 37
Waiting clients: (21,38,2); (33,38,4); (37,39,5); 
Queue 1: (48,29,4); (42,30,6); (2,36,3); (16,37,5); 
Queue 2: (34,28,2); (17,29,3); (41,35,3); 
Queue 3: (40,28,2); (24,30,4); (43,35,4); 
Queue 4: (22,29,3); (0,33,4); (45,36,6); 
Queue 5: (30,29,2); (31,35,5); (12,37,2); 
--------------------------------------
Time 38
Waiting clients: (37,39,5); 
Queue 1: (48,29,3); (42,30,6); (2,36,3); (16,37,5); 
Queue 2: (34,28,1); (17,29,3); (41,35,3); (21,38,2); 
Queue 3: (40,28,1); (24,30,4); (43,35,4); (33,38,4); 
Queue 4: (22,29,2); (0,33,4); (45,36,6); 
Queue 5: (30,29,1); (31,35,5); (12,37,2); 
--------------------------------------
Time 39
Waiting clients: 
Queue 1: (48,29,2); (42,30,6); (2,36,3); (16,37,5); 
Queue 2: (17,29,3); (41,35,3); (21,38,2); 
Queue 3: (24,30,4); (43,35,4); (33,38,4); 
Queue 4: (22,29,1); (0,33,4); (45,36,6); 
Queue 5: (31,35,5); (12,37,2); (37,39,5); 
--------------------------------------
Time 40
Waiting clients: 
Queue 1: (48,29,1); (42,30,6); (2,36,3); (16,37,5); 
Queue 2: (17,29,2); (41,35,3); (21,38,2); 
Queue 3: (24,30,3); (43,35,4); (33,38,4); 
Queue 4: (0,33,4); (45,36,6); 
Queue 5: (31,35,4); (12,37,2); (37,39,5); 
--------------------------------------
Time 41
Waiting clients: 
Queue 1: (42,30,6); (2,36,3); (16,37,5); 
Queue 2: (17,29,1); (41,35,3); (21,38,2); 
Queue 3: (24,30,2); (43,35,4); (33,38,4); 
Queue 4: (0,33,3); (45,36,6); 
Queue 5: (31,35,3); (12,37,2); (37,39,5); 
--------------------------------------
Time 42
Waiting clients: 
Queue 1: (42,30,5); (2,36,3); (16,37,5); 
Queue 2: (41,35,3); (21,38,2); 
Queue 3: (24,30,1); (43,35,4); (33,38,4); 
Queue 4: (0,33,2); (45,36,6); 
Queue 5: (31,35,2); (12,37,2); (37,39,5); 
--------------------------------------
Time 43
Waiting clients: 
Queue 1: (42,30,4); (2,36,3); (16,37,5); 
Queue 2: (41,35,2); (21,38,2); 
Queue 3: (43,35,4); (33,38,4); 
Queue 4: (0,33,1); (45,36,6); 
Queue 5: (31,35,1); (12,37,2); (37,39,5); 
--------------------------------------
Time 44
Waiting clients: 
Queue 1: (42,30,3); (2,36,3); (16,37,5); 
Queue 2: (41,35,1); (21,38,2); 
Queue 3: (43,35,3); (33,38,4); 
Queue 4: (45,36,6); 
Queue 5: (12,37,2); (37,39,5); 
--------------------------------------
Time 45
Waiting clients: 
Queue 1: (42,30,2); (2,36,3); (16,37,5); 
Queue 2: (21,38,2); 
Queue 3: (43,35,2); (33,38,4); 
Queue 4: (45,36,5); 
Queue 5: (12,37,1); (37,39,5); 
--------------------------------------
Time 46
Waiting clients: 
Queue 1: (42,30,1); (2,36,3); (16,37,5); 
Queue 2: (21,38,1); 
Queue 3: (43,35,1); (33,38,4); 
Queue 4: (45,36,4); 
Queue 5: (37,39,5); 
--------------------------------------
Time 47
Waiting clients: 
Queue 1: (2,36,3); (16,37,5); 
Queue 2: closed 
Queue 3: (33,38,4); 
Queue 4: (45,36,3); 
Queue 5: (37,39,4); 
--------------------------------------
Time 48
Waiting clients: 
Queue 1: (2,36,2); (16,37,5); 
Queue 2: closed 
Queue 3: (33,38,3); 
Queue 4: (45,36,2); 
Queue 5: (37,39,3); 
--------------------------------------
Time 49
Waiting clients: 
Queue 1: (2,36,1); (16,37,5); 
Queue 2: closed 
Queue 3: (33,38,2); 
Queue 4: (45,36,1); 
Queue 5: (37,39,2); 
--------------------------------------
Time 50
Waiting clients: 
Queue 1: (16,37,5); 
Queue 2: closed 
Queue 3: (33,38,1); 
Queue 4: closed 
Queue 5: (37,39,1); 
--------------------------------------
Time 51
Waiting clients: 
Queue 1: (16,37,4); 
Queue 2: closed 
Queue 3: closed 
Queue 4: closed 
Queue 5: closed 
--------------------------------------
Time 52
Waiting clients: 
Queue 1: (16,37,3); 
Queue 2: closed 
Queue 3: closed 
Queue 4: closed 
Queue 5: closed 
--------------------------------------
Time 53
Waiting clients: 
Queue 1: (16,37,2); 
Queue 2: closed 
Queue 3: closed 
Queue 4: closed 
Queue 5: closed 
--------------------------------------
Time 54
Waiting clients: 
Queue 1: (16,37,1); 
Queue 2: closed 
Queue 3: closed 
Queue 4: closed 
Queue 5: closed 
--------------------------------------
Average waiting time: 4.12
Average service time: 4.08
Peak hour: 38
Simulation ended.
