Time 0
Waiting clients: (14,3,3); (25,3,2); (5,6,3); (39,8,3); (19,12,4); (37,12,4); (13,14,2); (31,14,3); (36,14,4); (28,15,2); (16,17,5); (18,17,3); (43,17,6); (30,19,2); (10,20,4); (11,21,4); (21,21,6); (33,21,5); (6,22,4); (48,22,5); (27,23,4); (42,23,3); (0,24,6); (35,24,2); (1,25,2); (29,26,5); (49,28,2); (20,29,4); (46,29,6); (7,30,6); (4,31,4); (22,31,3); (34,31,2); (26,33,3); (32,33,2); (45,33,4); (15,34,5); (47,34,4); (2,35,4); (8,35,4); (12,35,2); (24,35,3); (3,36,3); (40,36,4); (44,36,4); (38,37,2); (23,39,3); (41,39,6); (9,40,5); (17,40,6); 
Queue 1: closed 
Queue 2: closed 
Queue 3: closed 
Queue 4: closed 
Queue 5: closed 
--------------------------------------
Time 1
Waiting clients: (14,3,3); (25,3,2); (5,6,3); (39,8,3); (19,12,4); (37,12,4); (13,14,2); (31,14,3); (36,14,4); (28,15,2); (16,17,5); (18,17,3); (43,17,6); (30,19,2); (10,20,4); (11,21,4); (21,21,6); (33,21,5); (6,22,4); (48,22,5); (27,23,4); (42,23,3); (0,24,6); (35,24,2); (1,25,2); (29,26,5); (49,28,2); (20,29,4); (46,29,6); (7,30,6); (4,31,4); (22,31,3); (34,31,2); (26,33,3); (32,33,2); (45,33,4); (15,34,5); (47,34,4); (2,35,4); (8,35,4); (12,35,2); (24,35,3); (3,36,3); (40,36,4); (44,36,4); (38,37,2); (23,39,3); (41,39,6); (9,40,5); (17,40,6); 
Queue 1: closed 
Queue 2: closed 
Queue 3: closed 
Queue 4: closed 
Queue 5: closed 
--------------------------------------
Time 2
Waiting clients: (14,3,3); (25,3,2); (5,6,3); (39,8,3); (19,12,4); (37,12,4); (13,14,2); (31,14,3); (36,14,4); (28,15,2); (16,17,5); (18,17,3); (43,17,6); (30,19,2); (10,20,4); (11,21,4); (21,21,6); (33,21,5); (6,22,4); (48,22,5); (27,23,4); (42,23,3); (0,24,6); (35,24,2); (1,25,2); (29,26,5); (49,28,2); (20,29,4); (46,29,6); (7,30,6); (4,31,4); (22,31,3); (34,31,2); (26,33,3); (32,33,2); (45,33,4); (15,34,5); (47,34,4); (2,35,4); (8,35,4); (12,35,2); (24,35,3); (3,36,3); (40,36,4); (44,36,4); (38,37,2); (23,39,3); (41,39,6); (9,40,5); (17,40,6); 
Queue 1: closed 
Queue 2: closed 
Queue 3: closed 
Queue 4: closed 
Queue 5: closed 
--------------------------------------
Time 3
Waiting clients: (5,6,3); (39,8,3); (19,12,4); (37,12,4); (13,14,2); (31,14,3); (36,14,4); (28,15,2); (16,17,5); (18,17,3); (43,17,6); (30,19,2); (10,20,4); (11,21,4); (21,21,6); (33,21,5); (6,22,4); (48,22,5); (27,23,4); (42,23,3); (0,24,6); (35,24,2); (1,25,2); (29,26,5); (49,28,2); (20,29,4); (46,29,6); (7,30,6); (4,31,4); (22,31,3); (34,31,2); (26,33,3); (32,33,2); (45,33,4); (15,34,5); (47,34,4); (2,35,4); (8,35,4); (12,35,2); (24,35,3); (3,36,3); (40,36,4); (44,36,4); (38,37,2); (23,39,3); (41,39,6); (9,40,5); (17,40,6); 
Queue 1: (14,3,3); 
Queue 2: (25,3,2); 
Queue 3: closed 
Queue 4: closed 
Queue 5: closed 
--------------------------------------
Time 4
Waiting clients: (5,6,3); (39,8,3); (19,12,4); (37,12,4); (13,14,2); (31,14,3); (36,14,4); (28,15,2); (16,17,5); (18,17,3); (43,17,6); (30,19,2); (10,20,4); (11,21,4); (21,21,6); (33,21,5); (6,22,4); (48,22,5); (27,23,4); (42,23,3); (0,24,6); (35,24,2); (1,25,2); (29,26,5); (49,28,2); (20,29,4); (46,29,6); (7,30,6); (4,31,4); (22,31,3); (34,31,2); (26,33,3); (32,33,2); (45,33,4); (15,34,5); (47,34,4); (2,35,4); (8,35,4); (12,35,2); (24,35,3); (3,36,3); (40,36,4); (44,36,4); (38,37,2); (23,39,3); (41,39,6); (9,40,5); (17,40,6); 
Queue 1: (14,3,2); 
Queue 2: (25,3,1); 
Queue 3: closed 
Queue 4: closed 
Queue 5: closed 
--------------------------------------
Time 5
Waiting clients: (5,6,3); (39,8,3); (19,12,4); (37,12,4); (13,14,2); (31,14,3); (36,14,4); (28,15,2); (16,17,5); (18,17,3); (43,17,6); (30,19,2); (10,20,4); (11,21,4); (21,21,6); (33,21,5); (6,22,4); (48,22,5); (27,23,4); (42,23,3); (0,24,6); (35,24,2); (1,25,2); (29,26,5); (49,28,2); (20,29,4); (46,29,6); (7,30,6); (4,31,4); (22,31,3); (34,31,2); (26,33,3); (32,33,2); (45,33,4); (15,34,5); (47,34,4); (2,35,4); (8,35,4); (12,35,2); (24,35,3); (3,36,3); (40,36,4); (44,36,4); (38,37,2); (23,39,3); (41,39,6); (9,40,5); (17,40,6); 
Queue 1: (14,3,1); 
Queue 2: closed 
Queue 3: closed 
Queue 4: closed 
Queue 5: closed 
--------------------------------------
Time 6
Waiting clients: (39,8,3); (19,12,4); (37,12,4); (13,14,2); (31,14,3); (36,14,4); (28,15,2); (16,17,5); (18,17,3); (43,17,6); (30,19,2); (10,20,4); (11,21,4); (21,21,6); (33,21,5); (6,22,4); (48,22,5); (27,23,4); (42,23,3); (0,24,6); (35,24,2); (1,25,2); (29,26,5); (49,28,2); (20,29,4); (46,29,6); (7,30,6); (4,31,4); (22,31,3); (34,31,2); (26,33,3); (32,33,2); (45,33,4); (15,34,5); (47,34,4); (2,35,4); (8,35,4); (12,35,2); (24,35,3); (3,36,3); (40,36,4); (44,36,4); (38,37,2); (23,39,3); (41,39,6); (9,40,5); (17,40,6); 
Queue 1: (5,6,3); 
Queue 2: closed 
Queue 3: closed 
Queue 4: closed 
Queue 5: closed 
--------------------------------------
Time 7
Waiting clients: (39,8,3); (19,12,4); (37,12,4); (13,14,2); (31,14,3); (36,14,4); (28,15,2); (16,17,5); (18,17,3); (43,17,6); (30,19,2); (10,20,4); (11,21,4); (21,21,6); (33,21,5); (6,22,4); (48,22,5); (27,23,4); (42,23,3); (0,24,6); (35,24,2); (1,25,2); (29,26,5); (49,28,2); (20,29,4); (46,29,6); (7,30,6); (4,31,4); (22,31,3); (34,31,2); (26,33,3); (32,33,2); (45,33,4); (15,34,5); (47,34,4); (2,35,4); (8,35,4); (12,35,2); (24,35,3); (3,36,3); (40,36,4); (44,36,4); (38,37,2); (23,39,3); (41,39,6); (9,40,5); (17,40,6); 
Queue 1: (5,6,2); 
Queue 2: closed 
Queue 3: closed 
Queue 4: closed 
Queue 5: closed 
--------------------------------------
Time 8
Waiting clients: (19,12,4); (37,12,4); (13,14,2); (31,14,3); (36,14,4); (28,15,2); (16,17,5); (18,17,3); (43,17,6); (30,19,2); (10,20,4); (11,21,4); (21,21,6); (33,21,5); (6,22,4); (48,22,5); (27,23,4); (42,23,3); (0,24,6); (35,24,2); (1,25,2); (29,26,5); (49,28,2); (20,29,4); (46,29,6); (7,30,6); (4,31,4); (22,31,3); (34,31,2); (26,33,3); (32,33,2); (45,33,4); (15,34,5); (47,34,4); (2,35,4); (8,35,4); (12,35,2); (24,35,3); (3,36,3); (40,36,4); (44,36,4); (38,37,2); (23,39,3); (41,39,6); (9,40,5); (17,40,6); 
Queue 1: (5,6,1); 
Queue 2: (39,8,3); 
Queue 3: closed 
Queue 4: closed 
Queue 5: closed 
--------------------------------------
Time 9
Waiting clients: (19,12,4); (37,12,4); (13,14,2); (31,14,3); (36,14,4); (28,15,2); (16,17,5); (18,17,3); (43,17,6); (30,19,2); (10,20,4); (11,21,4); (21,21,6); (33,21,5); (6,22,4); (48,22,5); (27,23,4); (42,23,3); (0,24,6); (35,24,2); (1,25,2); (29,26,5); (49,28,2); (20,29,4); (46,29,6); (7,30,6); (4,31,4); (22,31,3); (34,31,2); (26,33,3); (32,33,2); (45,33,4); (15,34,5); (47,34,4); (2,35,4); (8,35,4); (12,35,2); (24,35,3); (3,36,3); (40,36,4); (44,36,4); (38,37,2); (23,39,3); (41,39,6); (9,40,5); (17,40,6); 
Queue 1: closed 
Queue 2: (39,8,2); 
Queue 3: closed 
Queue 4: closed 
Queue 5: closed 
--------------------------------------
Time 10
Waiting clients: (19,12,4); (37,12,4); (13,14,2); (31,14,3); (36,14,4); (28,15,2); (16,17,5); (18,17,3); (43,17,6); (30,19,2); (10,20,4); (11,21,4); (21,21,6); (33,21,5); (6,22,4); (48,22,5); (27,23,4); (42,23,3); (0,24,6); (35,24,2); (1,25,2); (29,26,5); (49,28,2); (20,29,4); (46,29,6); (7,30,6); (4,31,4); (22,31,3); (34,31,2); (26,33,3); (32,33,2); (45,33,4); (15,34,5); (47,34,4); (2,35,4); (8,35,4); (12,35,2); (24,35,3); (3,36,3); (40,36,4); (44,36,4); (38,37,2); (23,39,3); (41,39,6); (9,40,5); (17,40,6); 
Queue 1: closed 
Queue 2: (39,8,1); 
Queue 3: closed 
Queue 4: closed 
Queue 5: closed 
--------------------------------------
Time 11
Waiting clients: (19,12,4); (37,12,4); (13,14,2); (31,14,3); (36,14,4); (28,15,2); (16,17,5); (18,17,3); (43,17,6); (30,19,2); (10,20,4); (11,21,4); (21,21,6); (33,21,5); (6,22,4); (48,22,5); (27,23,4); (42,23,3); (0,24,6); (35,24,2); (1,25,2); (29,26,5); (49,28,2); (20,29,4); (46,29,6); (7,30,6); (4,31,4); (22,31,3); (34,31,2); (26,33,3); (32,33,2); (45,33,4); (15,34,5); (47,34,4); (2,35,4); (8,35,4); (12,35,2); (24,35,3); (3,36,3); (40,36,4); (44,36,4); (38,37,2); (23,39,3); (41,39,6); (9,40,5); (17,40,6); 
Queue 1: closed 
Queue 2: closed 
Queue 3: closed 
Queue 4: closed 
Queue 5: closed 
--------------------------------------
Time 12
Waiting clients: (13,14,2); (31,14,3); (36,14,4); (28,15,2); (16,17,5); (18,17,3); (43,17,6); (30,19,2); (10,20,4); (11,21,4); (21,21,6); (33,21,5); (6,22,4); (48,22,5); (27,23,4); (42,23,3); (0,24,6); (35,24,2); (1,25,2); (29,26,5); (49,28,2); (20,29,4); (46,29,6); (7,30,6); (4,31,4); (22,31,3); (34,31,2); (26,33,3); (32,33,2); (45,33,4); (15,34,5); (47,34,4); (2,35,4); (8,35,4); (12,35,2); (24,35,3); (3,36,3); (40,36,4); (44,36,4); (38,37,2); (23,39,3); (41,39,6); (9,40,5); (17,40,6); 
Queue 1: (19,12,4); 
Queue 2: (37,12,4); 
Queue 3: closed 
Queue 4: closed 
Queue 5: closed 
--------------------------------------
Time 13
Waiting clients: (13,14,2); (31,14,3); (36,14,4); (28,15,2); (16,17,5); (18,17,3); (43,17,6); (30,19,2); (10,20,4); (11,21,4); (21,21,6); (33,21,5); (6,22,4); (48,22,5); (27,23,4); (42,23,3); (0,24,6); (35,24,2); (1,25,2); (29,26,5); (49,28,2); (20,29,4); (46,29,6); (7,30,6); (4,31,4); (22,31,3); (34,31,2); (26,33,3); (32,33,2); (45,33,4); (15,34,5); (47,34,4); (2,35,4); (8,35,4); (12,35,2); (24,35,3); (3,36,3); (40,36,4); (44,36,4); (38,37,2); (23,39,3); (41,39,6); (9,40,5); (17,40,6); 
Queue 1: (19,12,3); 
Queue 2: (37,12,3); 
Queue 3: closed 
Queue 4: closed 
Queue 5: closed 
--------------------------------------
Time 14
Waiting clients: (28,15,2); (16,17,5); (18,17,3); (43,17,6); (30,19,2); (10,20,4); (11,21,4); (21,21,6); (33,21,5); (6,22,4); (48,22,5); (27,23,4); (42,23,3); (0,24,6); (35,24,2); (1,25,2); (29,26,5); (49,28,2); (20,29,4); (46,29,6); (7,30,6); (4,31,4); (22,31,3); (34,31,2); (26,33,3); (32,33,2); (45,33,4); (15,34,5); (47,34,4); (2,35,4); (8,35,4); (12,35,2); (24,35,3); (3,36,3); (40,36,4); (44,36,4); (38,37,2); (23,39,3); (41,39,6); (9,40,5); (17,40,6); 
Queue 1: (19,12,2); 
Queue 2: (37,12,2); 
Queue 3: (13,14,2); 
Queue 4: (31,14,3); 
Queue 5: (36,14,4); 
--------------------------------------
Time 15
Waiting clients: (16,17,5); (18,17,3); (43,17,6); (30,19,2); (10,20,4); (11,21,4); (21,21,6); (33,21,5); (6,22,4); (48,22,5); (27,23,4); (42,23,3); (0,24,6); (35,24,2); (1,25,2); (29,26,5); (49,28,2); (20,29,4); (46,29,6); (7,30,6); (4,31,4); (22,31,3); (34,31,2); (26,33,3); (32,33,2); (45,33,4); (15,34,5); (47,34,4); (2,35,4); (8,35,4); (12,35,2); (24,35,3); (3,36,3); (40,36,4); (44,36,4); (38,37,2); (23,39,3); (41,39,6); (9,40,5); (17,40,6); 
Queue 1: (19,12,1); (28,15,2); 
Queue 2: (37,12,1); 
Queue 3: (13,14,1); 
Queue 4: (31,14,2); 
Queue 5: (36,14,3); 
--------------------------------------
Time 16
Waiting clients: (16,17,5); (18,17,3); (43,17,6); (30,19,2); (10,20,4); (11,21,4); (21,21,6); (33,21,5); (6,22,4); (48,22,5); (27,23,4); (42,23,3); (0,24,6); (35,24,2); (1,25,2); (29,26,5); (49,28,2); (20,29,4); (46,29,6); (7,30,6); (4,31,4); (22,31,3); (34,31,2); (26,33,3); (32,33,2); (45,33,4); (15,34,5); (47,34,4); (2,35,4); (8,35,4); (12,35,2); (24,35,3); (3,36,3); (40,36,4); (44,36,4); (38,37,2); (23,39,3); (41,39,6); (9,40,5); (17,40,6); 
Queue 1: (28,15,2); 
Queue 2: closed 
Queue 3: closed 
Queue 4: (31,14,1); 
Queue 5: (36,14,2); 
--------------------------------------
Time 17
Waiting clients: (30,19,2); (10,20,4); (11,21,4); (21,21,6); (33,21,5); (6,22,4); (48,22,5); (27,23,4); (42,23,3); (0,24,6); (35,24,2); (1,25,2); (29,26,5); (49,28,2); (20,29,4); (46,29,6); (7,30,6); (4,31,4); (22,31,3); (34,31,2); (26,33,3); (32,33,2); (45,33,4); (15,34,5); (47,34,4); (2,35,4); (8,35,4); (12,35,2); (24,35,3); (3,36,3); (40,36,4); (44,36,4); (38,37,2); (23,39,3); (41,39,6); (9,40,5); (17,40,6); 
Queue 1: (28,15,1); 
Queue 2: (16,17,5); 
Queue 3: (18,17,3); 
Queue 4: (43,17,6); 
Queue 5: (36,14,1); 
--------------------------------------
Time 18
Waiting clients: (30,19,2); (10,20,4); (11,21,4); (21,21,6); (33,21,5); (6,22,4); (48,22,5); (27,23,4); (42,23,3); (0,24,6); (35,24,2); (1,25,2); (29,26,5); (49,28,2); (20,29,4); (46,29,6); (7,30,6); (4,31,4); (22,31,3); (34,31,2); (26,33,3); (32,33,2); (45,33,4); (15,34,5); (47,34,4); (2,35,4); (8,35,4); (12,35,2); (24,35,3); (3,36,3); (40,36,4); (44,36,4); (38,37,2); (23,39,3); (41,39,6); (9,40,5); (17,40,6); 
Queue 1: closed 
Queue 2: (16,17,4); 
Queue 3: (18,17,2); 
Queue 4: (43,17,5); 
Queue 5: closed 
--------------------------------------
Time 19
Waiting clients: (10,20,4); (11,21,4); (21,21,6); (33,21,5); (6,22,4); (48,22,5); (27,23,4); (42,23,3); (0,24,6); (35,24,2); (1,25,2); (29,26,5); (49,28,2); (20,29,4); (46,29,6); (7,30,6); (4,31,4); (22,31,3); (34,31,2); (26,33,3); (32,33,2); (45,33,4); (15,34,5); (47,34,4); (2,35,4); (8,35,4); (12,35,2); (24,35,3); (3,36,3); (40,36,4); (44,36,4); (38,37,2); (23,39,3); (41,39,6); (9,40,5); (17,40,6); 
Queue 1: (30,19,2); 
Queue 2: (16,17,3); 
Queue 3: (18,17,1); 
Queue 4: (43,17,4); 
Queue 5: closed 
--------------------------------------
Time 20
Waiting clients: (11,21,4); (21,21,6); (33,21,5); (6,22,4); (48,22,5); (27,23,4); (42,23,3); (0,24,6); (35,24,2); (1,25,2); (29,26,5); (49,28,2); (20,29,4); (46,29,6); (7,30,6); (4,31,4); (22,31,3); (34,31,2); (26,33,3); (32,33,2); (45,33,4); (15,34,5); (47,34,4); (2,35,4); (8,35,4); (12,35,2); (24,35,3); (3,36,3); (40,36,4); (44,36,4); (38,37,2); (23,39,3); (41,39,6); (9,40,5); (17,40,6); 
Queue 1: (30,19,1); 
Queue 2: (16,17,2); 
Queue 3: (10,20,4); 
Queue 4: (43,17,3); 
Queue 5: closed 
--------------------------------------
Time 21
Waiting clients: (6,22,4); (48,22,5); (27,23,4); (42,23,3); (0,24,6); (35,24,2); (1,25,2); (29,26,5); (49,28,2); (20,29,4); (46,29,6); (7,30,6); (4,31,4); (22,31,3); (34,31,2); (26,33,3); (32,33,2); (45,33,4); (15,34,5); (47,34,4); (2,35,4); (8,35,4); (12,35,2); (24,35,3); (3,36,3); (40,36,4); (44,36,4); (38,37,2); (23,39,3); (41,39,6); (9,40,5); (17,40,6); 
Queue 1: (11,21,4); 
Queue 2: (16,17,1); (33,21,5); 
Queue 3: (10,20,3); 
Queue 4: (43,17,2); 
Queue 5: (21,21,6); 
--------------------------------------
Time 22
Waiting clients: (27,23,4); (42,23,3); (0,24,6); (35,24,2); (1,25,2); (29,26,5); (49,28,2); (20,29,4); (46,29,6); (7,30,6); (4,31,4); (22,31,3); (34,31,2); (26,33,3); (32,33,2); (45,33,4); (15,34,5); (47,34,4); (2,35,4); (8,35,4); (12,35,2); (24,35,3); (3,36,3); (40,36,4); (44,36,4); (38,37,2); (23,39,3); (41,39,6); (9,40,5); (17,40,6); 
Queue 1: (11,21,3); 
Queue 2: (33,21,5); 
Queue 3: (10,20,2); (48,22,5); 
Queue 4: (43,17,1); (6,22,4); 
Queue 5: (21,21,5); 
--------------------------------------
Time 23
Waiting clients: (0,24,6); (35,24,2); (1,25,2); (29,26,5); (49,28,2); (20,29,4); (46,29,6); (7,30,6); (4,31,4); (22,31,3); (34,31,2); (26,33,3); (32,33,2); (45,33,4); (15,34,5); (47,34,4); (2,35,4); (8,35,4); (12,35,2); (24,35,3); (3,36,3); (40,36,4); (44,36,4); (38,37,2); (23,39,3); (41,39,6); (9,40,5); (17,40,6); 
Queue 1: (11,21,2); (27,23,4); 
Queue 2: (33,21,4); (42,23,3); 
Queue 3: (10,20,1); (48,22,5); 
Queue 4: (6,22,4); 
Queue 5: (21,21,4); 
--------------------------------------
Time 24
Waiting clients: (1,25,2); (29,26,5); (49,28,2); (20,29,4); (46,29,6); (7,30,6); (4,31,4); (22,31,3); (34,31,2); (26,33,3); (32,33,2); (45,33,4); (15,34,5); (47,34,4); (2,35,4); (8,35,4); (12,35,2); (24,35,3); (3,36,3); (40,36,4); (44,36,4); (38,37,2); (23,39,3); (41,39,6); (9,40,5); (17,40,6); 
Queue 1: (11,21,1); (27,23,4); 
Queue 2: (33,21,3); (42,23,3); 
Queue 3: (48,22,5); 
Queue 4: (6,22,3); (35,24,2); 
Queue 5: (21,21,3); (0,24,6); 
--------------------------------------
Time 25
Waiting clients: (29,26,5); (49,28,2); (20,29,4); (46,29,6); (7,30,6); (4,31,4); (22,31,3); (34,31,2); (26,33,3); (32,33,2); (45,33,4); (15,34,5); (47,34,4); (2,35,4); (8,35,4); (12,35,2); (24,35,3); (3,36,3); (40,36,4); (44,36,4); (38,37,2); (23,39,3); (41,39,6); (9,40,5); (17,40,6); 
Queue 1: (27,23,4); (1,25,2); 
Queue 2: (33,21,2); (42,23,3); 
Queue 3: (48,22,4); 
Queue 4: (6,22,2); (35,24,2); 
Queue 5: (21,21,2); (0,24,6); 
--------------------------------------
Time 26
Waiting clients: (49,28,2); (20,29,4); (46,29,6); (7,30,6); (4,31,4); (22,31,3); (34,31,2); (26,33,3); (32,33,2); (45,33,4); (15,34,5); (47,34,4); (2,35,4); (8,35,4); (12,35,2); (24,35,3); (3,36,3); (40,36,4); (44,36,4); (38,37,2); (23,39,3); (41,39,6); (9,40,5); (17,40,6); 
Queue 1: (27,23,3); (1,25,2); 
Queue 2: (33,21,1); (42,23,3); 
Queue 3: (48,22,3); (29,26,5); 
Queue 4: (6,22,1); (35,24,2); 
Queue 5: (21,21,1); (0,24,6); 
--------------------------------------
Time 27
Waiting clients: (49,28,2); (20,29,4); (46,29,6); (7,30,6); (4,31,4); (22,31,3); (34,31,2); (26,33,3); (32,33,2); (45,33,4); (15,34,5); (47,34,4); (2,35,4); (8,35,4); (12,35,2); (24,35,3); (3,36,3); (40,36,4); (44,36,4); (38,37,2); (23,39,3); (41,39,6); (9,40,5); (17,40,6); 
Queue 1: (27,23,2); (1,25,2); 
Queue 2: (42,23,3); 
Queue 3: (48,22,2); (29,26,5); 
Queue 4: (35,24,2); 
Queue 5: (0,24,6); 
--------------------------------------
Time 28
Waiting clients: (20,29,4); (46,29,6); (7,30,6); (4,31,4); (22,31,3); (34,31,2); (26,33,3); (32,33,2); (45,33,4); (15,34,5); (47,34,4); (2,35,4); (8,35,4); (12,35,2); (24,35,3); (3,36,3); (40,36,4); (44,36,4); (38,37,2); (23,39,3); (41,39,6); (9,40,5); (17,40,6); 
Queue 1: (27,23,1); (1,25,2); 
Queue 2: (42,23,2); 
Queue 3: (48,22,1); (29,26,5); 
Queue 4: (35,24,1); (49,28,2); 
Queue 5: (0,24,5); 
--------------------------------------
Time 29
Waiting clients: (7,30,6); (4,31,4); (22,31,3); (34,31,2); (26,33,3); (32,33,2); (45,33,4); (15,34,5); (47,34,4); (2,35,4); (8,35,4); (12,35,2); (24,35,3); (3,36,3); (40,36,4); (44,36,4); (38,37,2); (23,39,3); (41,39,6); (9,40,5); (17,40,6); 
Queue 1: (1,25,2); (46,29,6); 
Queue 2: (42,23,1); (20,29,4); 
Queue 3: (29,26,5); 
Queue 4: (49,28,2); 
Queue 5: (0,24,4); 
--------------------------------------
Time 30
Waiting clients: (4,31,4); (22,31,3); (34,31,2); (26,33,3); (32,33,2); (45,33,4); (15,34,5); (47,34,4); (2,35,4); (8,35,4); (12,35,2); (24,35,3); (3,36,3); (40,36,4); (44,36,4); (38,37,2); (23,39,3); (41,39,6); (9,40,5); (17,40,6); 
Queue 1: (1,25,1); (46,29,6); 
Queue 2: (20,29,4); 
Queue 3: (29,26,4); 
Queue 4: (49,28,1); (7,30,6); 
Queue 5: (0,24,3); 
--------------------------------------
Time 31
Waiting clients: (26,33,3); (32,33,2); (45,33,4); (15,34,5); (47,34,4); (2,35,4); (8,35,4); (12,35,2); (24,35,3); (3,36,3); (40,36,4); (44,36,4); (38,37,2); (23,39,3); (41,39,6); (9,40,5); (17,40,6); 
Queue 1: (46,29,6); 
Queue 2: (20,29,3); (22,31,3); 
Queue 3: (29,26,3); (34,31,2); 
Queue 4: (7,30,6); 
Queue 5: (0,24,2); (4,31,4); 
--------------------------------------
Time 32
Waiting clients: (26,33,3); (32,33,2); (45,33,4); (15,34,5); (47,34,4); (2,35,4); (8,35,4); (12,35,2); (24,35,3); (3,36,3); (40,36,4); (44,36,4); (38,37,2); (23,39,3); (41,39,6); (9,40,5); (17,40,6); 
Queue 1: (46,29,5); 
Queue 2: (20,29,2); (22,31,3); 
Queue 3: (29,26,2); (34,31,2); 
Queue 4: (7,30,5); 
Queue 5: (0,24,1); (4,31,4); 
--------------------------------------
Time 33
Waiting clients: (15,34,5); (47,34,4); (2,35,4); (8,35,4); (12,35,2); (24,35,3); (3,36,3); (40,36,4); (44,36,4); (38,37,2); (23,39,3); (41,39,6); (9,40,5); (17,40,6); 
Queue 1: (46,29,4); (32,33,2); 
Queue 2: (20,29,1); (22,31,3); (45,33,4); 
Queue 3: (29,26,1); (34,31,2); (26,33,3); 
Queue 4: (7,30,4); 
Queue 5: (4,31,4); 
--------------------------------------
Time 34
Waiting clients: (2,35,4); (8,35,4); (12,35,2); (24,35,3); (3,36,3); (40,36,4); (44,36,4); (38,37,2); (23,39,3); (41,39,6); (9,40,5); (17,40,6); 
Queue 1: (46,29,3); (32,33,2); 
Queue 2: (22,31,3); (45,33,4); 
Queue 3: (34,31,2); (26,33,3); 
Queue 4: (7,30,3); (15,34,5); 
Queue 5: (4,31,3); (47,34,4); 
--------------------------------------
Time 35
Waiting clients: (3,36,3); (40,36,4); (44,36,4); (38,37,2); (23,39,3); (41,39,6); (9,40,5); (17,40,6); 
Queue 1: (46,29,2); (32,33,2); (2,35,4); 
Queue 2: (22,31,2); (45,33,4); (12,35,2); 
Queue 3: (34,31,1); (26,33,3); (8,35,4); 
Queue 4: (7,30,2); (15,34,5); 
Queue 5: (4,31,2); (47,34,4); (24,35,3); 
--------------------------------------
Time 36
Waiting clients: (38,37,2); (23,39,3); (41,39,6); (9,40,5); (17,40,6); 
Queue 1: (46,29,1); (32,33,2); (2,35,4); (40,36,4); 
Queue 2: (22,31,1); (45,33,4); (12,35,2); (44,36,4); 
Queue 3: (26,33,3); (8,35,4); 
Queue 4: (7,30,1); (15,34,5); (3,36,3); 
Queue 5: (4,31,1); (47,34,4); (24,35,3); 
--------------------------------------
Time 37
Waiting clients: (23,39,3); (41,39,6); (9,40,5); (17,40,6); 
Queue 1: (32,33,2); (2,35,4); (40,36,4); 
Queue 2: (45,33,4); (12,35,2); (44,36,4); 
Queue 3: (26,33,2); (8,35,4); (38,37,2); 
Queue 4: (15,34,5); (3,36,3); 
Queue 5: (47,34,4); (24,35,3); 
--------------------------------------
Time 38
Waiting clients: (23,39,3); (41,39,6); (9,40,5); (17,40,6); 
Queue 1: (32,33,1); (2,35,4); (40,36,4); 
Queue 2: (45,33,3); (12,35,2); (44,36,4); 
Queue 3: (26,33,1); (8,35,4); (38,37,2); 
Queue 4: (15,34,4); (3,36,3); 
Queue 5: (47,34,3); (24,35,3); 
--------------------------------------
Time 39
Waiting clients: (9,40,5); (17,40,6); 
Queue 1: (2,35,4); (40,36,4); 
Queue 2: (45,33,2); (12,35,2); (44,36,4); 
Queue 3: (8,35,4); (38,37,2); (41,39,6); 
Queue 4: (15,34,3); (3,36,3); 
Queue 5: (47,34,2); (24,35,3); (23,39,3); 
--------------------------------------
Time 40
Waiting clients: 
Queue 1: (2,35,3); (40,36,4); (17,40,6); 
Queue 2: (45,33,1); (12,35,2); (44,36,4); 
Queue 3: (8,35,3); (38,37,2); (41,39,6); 
Queue 4: (15,34,2); (3,36,3); (9,40,5); 
Queue 5: (47,34,1); (24,35,3); (23,39,3); 
--------------------------------------
Time 41
Waiting clients: 
Queue 1: (2,35,2); (40,36,4); (17,40,6); 
Queue 2: (12,35,2); (44,36,4); 
Queue 3: (8,35,2); (38,37,2); (41,39,6); 
Queue 4: (15,34,1); (3,36,3); (9,40,5); 
Queue 5: (24,35,3); (23,39,3); 
--------------------------------------
Time 42
Waiting clients: 
Queue 1: (2,35,1); (40,36,4); (17,40,6); 
Queue 2: (12,35,1); (44,36,4); 
Queue 3: (8,35,1); (38,37,2); (41,39,6); 
Queue 4: (3,36,3); (9,40,5); 
Queue 5: (24,35,2); (23,39,3); 
--------------------------------------
Time 43
Waiting clients: 
Queue 1: (40,36,4); (17,40,6); 
Queue 2: (44,36,4); 
Queue 3: (38,37,2); (41,39,6); 
Queue 4: (3,36,2); (9,40,5); 
Queue 5: (24,35,1); (23,39,3); 
--------------------------------------
Time 44
Waiting clients: 
Queue 1: (40,36,3); (17,40,6); 
Queue 2: (44,36,3); 
Queue 3: (38,37,1); (41,39,6); 
Queue 4: (3,36,1); (9,40,5); 
Queue 5: (23,39,3); 
--------------------------------------
Time 45
Waiting clients: 
Queue 1: (40,36,2); (17,40,6); 
Queue 2: (44,36,2); 
Queue 3: (41,39,6); 
Queue 4: (9,40,5); 
Queue 5: (23,39,2); 
--------------------------------------
Time 46
Waiting clients: 
Queue 1: (40,36,1); (17,40,6); 
Queue 2: (44,36,1); 
Queue 3: (41,39,5); 
Queue 4: (9,40,4); 
Queue 5: (23,39,1); 
--------------------------------------
Time 47
Waiting clients: 
Queue 1: (17,40,6); 
Queue 2: closed 
Queue 3: (41,39,4); 
Queue 4: (9,40,3); 
Queue 5: closed 
--------------------------------------
Time 48
Waiting clients: 
Queue 1: (17,40,5); 
Queue 2: closed 
Queue 3: (41,39,3); 
Queue 4: (9,40,2); 
Queue 5: closed 
--------------------------------------
Time 49
Waiting clients: 
Queue 1: (17,40,4); 
Queue 2: closed 
Queue 3: (41,39,2); 
Queue 4: (9,40,1); 
Queue 5: closed 
--------------------------------------
Time 50
Waiting clients: 
Queue 1: (17,40,3); 
Queue 2: closed 
Queue 3: (41,39,1); 
Queue 4: closed 
Queue 5: closed 
--------------------------------------
Time 51
Waiting clients: 
Queue 1: (17,40,2); 
Queue 2: closed 
Queue 3: closed 
Queue 4: closed 
Queue 5: closed 
--------------------------------------
Time 52
Waiting clients: 
Queue 1: (17,40,1); 
Queue 2: closed 
Queue 3: closed 
Queue 4: closed 
Queue 5: closed 
--------------------------------------
Time 53
Waiting clients: 
Queue 1: (17,40,0); 
Queue 2: closed 
Queue 3: closed 
Queue 4: closed 
Queue 5: closed 
--------------------------------------
Average waiting time: 2.46
Average service time: 3.74
Peak hour: 36
Simulation ended.
